


# DROP ONLY ONE DUP
(1739040, 3)
0.72593047036

# DROP ALL DUPS
(1702810, 3)
0.716333170806




        ID  date_cer       kwh  hour_cer  day_cer allocation       date  year  \
0     1021     33501  0.355405         1      335          1 2009-12-01  2009   
240   1021     33502  0.000000         2      335          1 2009-12-01  2009   
480   1021     33503  0.000000         3      335          1 2009-12-01  2009   
720   1021     33504  0.000000         4      335          1 2009-12-01  2009   
960   1021     33505  0.000000         5      335          1 2009-12-01  2009   
1200  1021     33506  0.000000         6      335          1 2009-12-01  2009   
1440  1021     33507  0.000000         7      335          1 2009-12-01  2009   
1680  1021     33508  0.000000         8      335          1 2009-12-01  2009   
1920  1021     33509  0.000000         9      335          1 2009-12-01  2009   
2160  1021     33510  0.000000        10      335          1 2009-12-01  2009   
2400  1021     33511  0.000000        11      335          1 2009-12-01  2009   
2640  1021     33512  0.000000        12      335          1 2009-12-01  2009   
2880  1021     33513  0.678896        13      335          1 2009-12-01  2009   
3120  1021     33514  1.772190        14      335          1 2009-12-01  2009   
3360  1021     33515  1.756233        15      335          1 2009-12-01  2009   
3600  1021     33516  2.679319        16      335          1 2009-12-01  2009   
3840  1021     33517  1.373749        17      335          1 2009-12-01  2009   
4080  1021     33518  0.000000        18      335          1 2009-12-01  2009   
4320  1021     33519  1.645018        19      335          1 2009-12-01  2009   
4560  1021     33520  1.862129        20      335          1 2009-12-01  2009   

      month  day  hour  minute       ym  
0        12    1     0       0  2009-12  
240      12    1     0      30  2009-12  
480      12    1     1       0  2009-12  
720      12    1     1      30  2009-12  
960      12    1     2       0  2009-12  
1200     12    1     2      30  2009-12  
1440     12    1     3       0  2009-12  
1680     12    1     3      30  2009-12  
1920     12    1     4       0  2009-12  
2160     12    1     4      30  2009-12  
2400     12    1     5       0  2009-12  
2640     12    1     5      30  2009-12  
2880     12    1     6       0  2009-12  
3120     12    1     6      30  2009-12  
3360     12    1     7       0  2009-12  
3600     12    1     7      30  2009-12  
3840     12    1     8       0  2009-12  
4080     12    1     8      30  2009-12  
4320     12    1     9       0  2009-12  
4560     12    1     9      30  2009-12  




(240, 7)
     ID allocation  kwh_2009_12  kwh_2010_01  kwh_2010_02  kwh_2010_03  \
0  1003          C  1523.900655  1743.422014  1384.978348  1068.884130   
1  1008          C  1983.901884  2337.659254  1864.238726  1457.634339   
2  1009          C  1978.794716  1993.659116  1553.952677  1375.119374   
3  1018          C   881.415565  1075.616087   948.118030   754.895745   
4  1021          1  2141.424288  1948.007263  1632.896321  1601.761304   

   kwh_2010_04  
0   376.240048  
1   996.986669  
2   659.405544  
3   510.207407  
4  1105.120633  


allocation  ym     
1           2009-12    1267.391071
            2010-01    1352.568782
            2010-02    1125.122215
            2010-03     976.106275
            2010-04     579.660051
2           2009-12    1345.059688
            2010-01    1458.593524
            2010-02    1149.436128
            2010-03     977.358399
            2010-04     565.435556
C           2009-12    1261.898101
            2010-01    1376.587635
            2010-02    1098.452855
            2010-03     918.876068
            2010-04     535.140701